81
640
654
779
603
340
849
353
133
700
859
826
256
498
173
570
45
876
368
793
431
215
31
88
495
659
115
255
68
263
413
101
303
67
513
982
973
863
768
822
937
577
548
76
403
746
28
785
962
874
318
414
51
197
539
374
919
859
535
780
319
701
940
574
463
785
438
439
965
566
893
813
582
931
462
190
295
651
992
231
419
862
626
914
485
481
558
281
381
259
861
298
18
711
523
327
685
246
607
626
160
515
848
1
388
293
778
864
497
706
676
5
378
794
417
238
441
51
574
806
456
227
97
316
783
529
902
338
423
965
234
929
611
738
558
651
586
646
253
177
169
509
544
438
936
506
802
347
462
152
310
862
648
742
494
925
914
903
166
736
871
495
938
362
11
102
936
685
986
874
91
349
448
969
951
975
493
663
9
880
762
836
878
731
404
795
520
275
267
289
848
361
958
636
106
854
999
170
431
439
39
407
644
463
424
156
694
713
333
906
280
91
865
316
739
113
77
712
74
415
975
441
862
536
898
949
564
771
811
760
63
99
925
591
471
315
398
766
642
854
883
51
25
904
132
166
406
679
337
462
856
116
435
832
578
784
964
436
887
286
126
807
300
699
797
457
82
868
518
97
318
646
868
457
566
643
640
494
640
153
493
224
61
426
353
268
608
711
572
54
46
436
980
280
709
966
296
90
490
17
86
802
552
604
738
137
577
698
742
382
250
926
808
399
836
138
253
952
79
252
952
4
482
398
169
106
450
889
74
229
778
527
437
982
934
226
75
402
628
852
240
844
287
266
236
671
349
256
680
306
637
834
617
445
537
633
402
439
728
605
750
65
56
13
27
708
86
374
642
954
244
691
497
348
193
394
330
664
640
449
419
646
359
679
539
384
610
316
805
220
313
574
771
171
542
914
721
769
215
662
982
582
290
215
799
365
904
957
118
586
650
529
198
571
642
616
584
380
46
114
64
25
4
26
695
531
171
441
407
324
227
505
546
560
891
799
51
41
397
587
900
21
530
611
535
69
471
966
642
283
710
323
722
2
218
807
801
799
316
180
230
789
802
994
571
984
147
882
400
611
766
178
703
41
399
979
429
557
557
710
489
119
52
627
45
403
69
279
588
649
687
272
597
452
690
567
349
999
918
4
664
887
542
757
41
196
401
340
720
537
876
881
474
268
216
472
597
69
785
793
395
278
71
636
408
515
883
778
495
570
850
679
709
667
961
352
82
813
544
139
580
755
69
243
477
742
976
854
828
251
859
480
12
160
227
509
305
986
488
50
274
95
576
310
675
714
559
451
740
792
530
785
145
853
529
274
566
857
600
738
463
197
920
97
245
258
113
667
515
177
242
459
89
643
267
398
827
90
61
838
115
358
233
311
774
272
243
64
306
737
161
840
211
586
106
251
356
796
839
624
375
444
289
880
461
230
136
817
223
75
364
549
458
369
382
956
426
443
946
528
158
484
855
441
771
517
413
7
836
382
206
949
530
253
600
438
927
292
729
744
251
728
874
161
183
733
500
600
883
670
960
284
226
436
345
941
576
701
457
350
480
132
904
176
395
579
308
423
285
129
18
35
503
997
318
448
685
849
241
571
79
612
695
578
43
162
888
365
547
459
722
954
129
312
978
395
5
270
391
20
155
268
81
337
916
578
879
326
566
38
460
784
671
353
676
42
662
321
861
285
830
19
891
17
151
922
806
125
904
697
925
398
426
208
615
561
753
149
481
291
668
451
148
677
249
910
801
702
27
204
923
734
710
629
485
945
292
184
946
422
977
875
105
756
989
351
299
176
603
582
354
904
714
150
522
553
857
732
256
718
226
754
39
514
904
947
775
130
157
693
189
760
183
911
712
174
681
539
220
665
624
681
896
708
337
336
709
802
964
341
20
877
429
184
338
395
51
135
605
768
250
341
64
322
427
717
909
867
415
946
58
504
200
542
347
686
771
18
153
910
414
442
905
543
793
539
400
278
654
270
497
246
658
58
513
403
915
930
157
865
964
852
186
457
249
136
670
614
766
509
160
496
904
499
472
2
571
976
798
685
301
330
41
921
866
864
347
185
656
424
390
501
334
806
98
489
290
773
53
1000
282
450
152
880
92
125
259
828
980
190
389
829
428
377
161
615
208
823
270
24
488
980
980
45
515
7
936
550
453
453
963
41
401
532
38
894
841
352
904
90
266
813
696
421
222
353
223
301
54
627
298
97
838
520
857
791
993
223
933
342
232
814
312
98
408
929
657
153
828
972
515
533
167
462
234
505
345
230
56
535
