1
2
2
4
4
4
5
5
7
7
9
11
12
13
17
17
18
18
18
19
20
20
21
24
25
25
26
27
27
28
31
35
38
38
39
39
41
41
41
41
41
42
43
45
45
45
46
46
50
51
51
51
51
51
52
53
54
54
56
56
58
58
61
61
63
64
64
64
65
67
68
69
69
69
69
71
74
74
75
75
76
77
79
79
81
81
82
82
86
86
88
89
90
90
90
91
91
92
95
97
97
97
97
98
98
99
101
102
105
106
106
106
113
113
114
115
115
116
118
119
125
125
126
129
129
130
132
132
133
135
136
136
137
138
139
145
147
148
149
150
151
152
152
153
153
153
155
156
157
157
158
160
160
160
161
161
161
162
166
166
167
169
169
170
171
171
173
174
176
176
177
177
178
180
183
183
184
184
185
186
189
190
190
193
196
197
197
198
200
204
206
208
208
211
215
215
215
216
218
220
220
222
223
223
223
224
226
226
226
227
227
227
229
230
230
230
231
232
233
234
234
236
238
240
241
242
243
243
244
245
246
246
249
249
250
250
251
251
251
252
253
253
253
255
256
256
256
258
259
259
263
266
266
267
267
268
268
268
270
270
270
272
272
274
274
275
278
278
279
280
280
281
282
283
284
285
285
286
287
289
289
290
290
291
292
292
293
295
296
298
298
299
300
301
301
303
305
306
306
308
310
310
311
312
312
313
315
316
316
316
316
318
318
318
319
321
322
323
324
326
327
330
330
333
334
336
337
337
337
338
338
340
340
341
341
342
345
345
347
347
347
348
349
349
349
350
351
352
352
353
353
353
353
354
356
358
359
361
362
364
365
365
368
369
374
374
375
377
378
380
381
382
382
382
384
388
389
390
391
394
395
395
395
395
397
398
398
398
398
399
399
400
400
401
401
402
402
403
403
403
404
406
407
407
408
408
413
413
414
414
415
415
417
419
419
421
422
423
423
424
424
426
426
426
427
428
429
429
431
431
435
436
436
436
437
438
438
438
439
439
439
441
441
441
441
442
443
444
445
448
448
449
450
450
451
451
452
453
453
456
457
457
457
457
458
459
459
460
461
462
462
462
462
463
463
463
471
471
472
472
474
477
480
480
481
481
482
484
485
485
488
488
489
489
490
493
493
494
494
495
495
495
496
497
497
497
498
499
500
501
503
504
505
505
506
509
509
509
513
513
514
515
515
515
515
515
517
518
520
520
522
523
527
528
529
529
529
530
530
530
531
532
533
535
535
535
536
537
537
539
539
539
539
542
542
542
543
544
544
546
547
548
549
550
552
553
557
557
558
558
559
560
561
564
566
566
566
566
567
570
570
571
571
571
571
572
574
574
574
576
576
577
577
578
578
578
579
580
582
582
582
584
586
586
586
587
588
591
597
597
600
600
600
603
603
604
605
605
607
608
610
611
611
611
612
614
615
615
616
617
624
624
626
626
627
627
628
629
633
636
636
637
640
640
640
640
642
642
642
642
643
643
644
646
646
646
648
649
650
651
651
654
654
656
657
658
659
662
662
663
664
664
665
667
667
668
670
670
671
671
675
676
676
677
679
679
679
680
681
681
685
685
685
685
686
687
690
691
693
694
695
695
696
697
698
699
700
701
701
702
703
706
708
708
709
709
709
710
710
710
711
711
712
712
713
714
714
717
718
720
721
722
722
728
728
729
731
732
733
734
736
737
738
738
738
739
740
742
742
742
744
746
750
753
754
755
756
757
760
760
762
766
766
766
768
768
769
771
771
771
771
773
774
775
778
778
778
779
780
783
784
784
785
785
785
785
789
791
792
793
793
793
794
795
796
797
798
799
799
799
801
801
802
802
802
802
805
806
806
806
807
807
808
811
813
813
813
814
817
822
823
826
827
828
828
828
829
830
832
834
836
836
836
838
838
839
840
841
844
848
848
849
849
850
852
852
853
854
854
854
855
856
857
857
857
859
859
859
861
861
862
862
862
863
864
864
865
865
866
867
868
868
871
874
874
874
875
876
876
877
878
879
880
880
880
881
882
883
883
883
887
887
888
889
891
891
893
894
896
898
900
902
903
904
904
904
904
904
904
904
904
905
906
909
910
910
911
914
914
914
915
916
918
919
920
921
922
923
925
925
925
926
927
929
929
930
931
933
934
936
936
936
937
938
940
941
945
946
946
946
947
949
949
951
952
952
954
954
956
957
958
960
961
962
963
964
964
964
965
965
966
966
969
972
973
975
975
976
976
977
978
979
980
980
980
980
982
982
982
984
986
986
989
992
993
994
997
999
999
1000
