1
2
2
3
5
15
16
17
18
22
25
27
29
31
31
32
36
42
44
47
49
51
54
55
55
58
59
62
65
67
67
67
72
74
74
77
78
79
82
87
88
93
93
97
100
100
101
106
109
109
112
112
113
115
116
116
118
121
121
123
123
128
129
134
138
138
144
149
149
150
150
151
154
155
157
160
160
161
162
163
166
167
169
171
179
184
184
185
194
194
197
200
200
204
205
206
206
208
209
211
212
212
213
214
214
217
223
226
234
237
238
241
241
244
247
249
255
256
259
265
267
268
270
274
274
274
275
275
276
280
283
284
284
290
291
291
291
293
293
295
297
305
305
307
307
309
312
313
317
319
321
323
326
328
337
340
341
341
341
342
346
348
350
350
352
353
360
360
361
363
363
364
365
369
370
371
372
373
378
383
383
386
387
390
390
391
392
394
394
395
401
403
404
414
419
422
424
424
425
427
427
428
433
435
435
437
439
439
439
440
442
448
450
454
455
456
457
459
462
467
469
475
475
477
480
488
496
500
500
502
503
508
521
528
528
530
533
539
540
546
546
546
550
552
552
560
564
567
567
569
573
574
576
578
579
584
586
592
597
598
601
601
601
603
604
607
608
610
614
617
619
622
623
623
625
627
629
630
634
637
637
638
644
645
650
651
651
653
655
657
658
660
660
661
668
671
671
673
679
682
685
694
694
695
696
697
697
698
699
700
704
706
706
709
713
715
716
720
724
731
737
743
743
743
749
749
753
755
762
768
774
777
784
785
792
798
798
800
802
811
813
817
820
825
826
833
834
835
836
837
837
839
839
840
840
841
845
846
847
849
852
854
854
855
855
857
861
865
870
870
873
873
873
878
878
881
882
886
890
891
896
902
907
908
911
918
918
921
925
927
928
931
932
947
948
950
950
951
951
953
955
959
961
961
968
969
969
971
981
982
983
985
989
989
994
995
997
999
999
1002
1002
1004
1008
1008
1009
1010
1012
1013
1020
1034
1035
1042
1042
1042
1050
1050
1051
1052
1056
1057
1063
1066
1069
1070
1073
1074
1075
1083
1088
1092
1092
1093
1095
1097
1097
1098
1098
1100
1100
1104
1105
1106
1107
1109
1110
1111
1112
1112
1114
1114
1116
1119
1120
1124
1125
1127
1132
1133
1134
1137
1137
1142
1145
1147
1147
1150
1150
1154
1154
1157
1163
1168
1169
1170
1172
1181
1183
1186
1187
1196
